Flare occurrence as a function of spot class
data from November 1988 - June 1996
(based on SESC/SWO assocations of flares and active regions)
68% confidence intervals are indicated for the flare probability estimates
C = # days on which this type region produced one or more C-class flares
(similar definitions for M & X)
N = # days this type of region was observed

CLS   C   M   X    N     C-prob                  M-prob                X-prob
Plag 62  10   3 5943    0.01 (0.009, 0.012)   0.00 (0.001, 0.002)   0.00 (0.000, 0.001)
AXX  70  10   0 2787    0.03 (0.022, 0.028)   0.00 (0.003, 0.005)   0.00 (0.000, 0.001)
BXO 177  21   1 3384    0.05 (0.049, 0.057)   0.01 (0.005, 0.008)   0.00 (0.000, 0.001)
CAI  10   5   0   27    0.37 (0.278, 0.463)   0.19 (0.111, 0.260)   0.00 (0.006, 0.068)
CAO 250  33   2 1463    0.17 (0.161, 0.181)   0.02 (0.019, 0.027)   0.00 (0.001, 0.003)
CHI   1   0   0    2    0.50 (0.148, 0.852)   0.00 (0.087, 0.916)   0.00 (0.087, 0.916)
CHO  14   2   1   88    0.16 (0.120, 0.198)   0.02 (0.016, 0.053)   0.01 (0.008, 0.037)
CKI  12   5   0   17    0.71 (0.596, 0.816)   0.29 (0.184, 0.404)   0.00 (0.010, 0.108)
CKO  41   9   0  135    0.30 (0.264, 0.343)   0.07 (0.051, 0.097)   0.00 (0.001, 0.014)
CRI   2   0   0    7    0.29 (0.116, 0.456)   0.00 (0.025, 0.262)   0.00 (0.025, 0.262)
CRO  75   4   0  763    0.10 (0.088, 0.111)   0.01 (0.004, 0.009)   0.00 (0.000, 0.002)
CSI   3   2   0   14    0.21 (0.105, 0.323)   0.14 (0.050, 0.236)   0.00 (0.012, 0.131)
CSO 200  26   0 1542    0.13 (0.121, 0.138)   0.02 (0.014, 0.021)   0.00 (0.000, 0.001)
DAC   2   1   0    8    0.25 (0.098, 0.402)   0.12 (0.009, 0.241)   0.00 (0.022, 0.229)
DAI 191  48   6  394    0.48 (0.460, 0.510)   0.12 (0.105, 0.138)   0.02 (0.011, 0.024)
DAO 467 105   4 1786    0.26 (0.251, 0.272)   0.06 (0.054, 0.065)   0.00 (0.002, 0.004)
DHI   5   2   0   14    0.36 (0.230, 0.484)   0.14 (0.050, 0.236)   0.00 (0.012, 0.131)
DHO  16   1   1   47    0.34 (0.272, 0.409)   0.02 (0.015, 0.070)   0.02 (0.015, 0.070)
DKC  41  20   5   57    0.72 (0.660, 0.778)   0.35 (0.288, 0.414)   0.09 (0.064, 0.147)
DKI 121  50   6  226    0.54 (0.502, 0.568)   0.22 (0.194, 0.249)   0.03 (0.020, 0.042)
DKO  87  36   4  218    0.40 (0.366, 0.432)   0.17 (0.140, 0.190)   0.02 (0.013, 0.033)
DRI   1   0   0    2    0.50 (0.148, 0.852)   0.00 (0.087, 0.916)   0.00 (0.087, 0.916)
DRO  12   3   0   63    0.19 (0.141, 0.240)   0.05 (0.033, 0.094)   0.00 (0.003, 0.029)
DSI  19   7   0   42    0.45 (0.376, 0.529)   0.17 (0.109, 0.224)   0.00 (0.004, 0.044)
DSO 125  21   2  551    0.23 (0.209, 0.245)   0.04 (0.032, 0.048)   0.00 (0.002, 0.008)
EAC   2   1   0    3    0.67 (0.396, 0.937)   0.33 (0.063, 0.604)   0.00 (0.058, 0.611)
EAI 172  62   2  302    0.57 (0.541, 0.598)   0.21 (0.182, 0.228)   0.01 (0.005, 0.015)
EAO 170  46   0  467    0.36 (0.342, 0.386)   0.10 (0.086, 0.115)   0.00 (0.000, 0.004)
EHC   2   0   0    2    1.00 (0.084, 0.913)   0.00 (0.087, 0.916)   0.00 (0.087, 0.916)
EHI  11   4   0   16    0.69 (0.572, 0.803)   0.25 (0.142, 0.358)   0.00 (0.011, 0.115)
EHO  19   5   0   43    0.44 (0.367, 0.517)   0.12 (0.068, 0.165)   0.00 (0.004, 0.043)
EKC  81  55  15  104    0.78 (0.738, 0.819)   0.53 (0.480, 0.578)   0.14 (0.110, 0.178)
EKI 280 117  23  432    0.65 (0.625, 0.671)   0.27 (0.250, 0.292)   0.05 (0.044, 0.067)
EKO  90  28   4  188    0.48 (0.442, 0.515)   0.15 (0.123, 0.175)   0.02 (0.015, 0.038)
ESI  12   1   0   18    0.67 (0.556, 0.777)   0.06 (0.040, 0.183)   0.00 (0.010, 0.102)
ESO  21   6   0   97    0.22 (0.175, 0.258)   0.06 (0.046, 0.099)   0.00 (0.002, 0.019)
FAI  61  31   3   94    0.65 (0.600, 0.698)   0.33 (0.282, 0.378)   0.03 (0.022, 0.063)
FAO  32  11   0   75    0.43 (0.370, 0.483)   0.15 (0.106, 0.187)   0.00 (0.002, 0.024)
FHI   6   3   0   11    0.55 (0.396, 0.695)   0.27 (0.139, 0.406)   0.00 (0.016, 0.167)
FHO   5   1   0    9    0.56 (0.391, 0.720)   0.11 (0.007, 0.215)   0.00 (0.019, 0.204)
FKC  71  65  20   93    0.76 (0.720, 0.807)   0.70 (0.652, 0.746)   0.22 (0.173, 0.257)
FKI 170  96  15  242    0.70 (0.673, 0.732)   0.40 (0.365, 0.428)   0.06 (0.050, 0.082)
FKO  60  24   1   97    0.62 (0.570, 0.668)   0.25 (0.204, 0.291)   0.01 (0.007, 0.034)
FSI   5   0   0    6    0.83 (0.682, 0.985)   0.00 (0.029, 0.305)   0.00 (0.029, 0.305)
FSO   3   2   0   14    0.21 (0.105, 0.323)   0.14 (0.050, 0.236)   0.00 (0.012, 0.131)
HAX  43  12   0  606    0.07 (0.062, 0.083)   0.02 (0.016, 0.027)   0.00 (0.000, 0.003)
HHX   3   1   0   53    0.06 (0.039, 0.111)   0.02 (0.013, 0.062)   0.00 (0.003, 0.035)
HKX   7   2   0   49    0.14 (0.093, 0.193)   0.04 (0.028, 0.094)   0.00 (0.004, 0.037)
HRX  18   1   0  347    0.05 (0.042, 0.067)   0.00 (0.002, 0.009)   0.00 (0.001, 0.005)
HSX  83  21   0 2009    0.04 (0.037, 0.046)   0.01 (0.009, 0.013)   0.00 (0.000, 0.001)
