   255
   0
   0
   0
   0
   0
   0
   0
   0
   0
   0
   0
   0
   0
   0
   0
   0
   0
   0
   0
   0
   0
   0
   0
   0
   0
   0
   0
   0
   0
   0
   0
   0
   0
   0
   0
   0
   0
   0
   0
   0
   0
   0
   0
   0
   0
   0
   0
   0
   0
   0
   0
   0
   0
   0
   0
   0
   0
   0
   0
   0
   0
   0
   0
   0
   0
   0
   0
   0
   0
   0
   0
   0
   0
   0
   0
   0
   0
   0
   0
   0
   2
   4
   6
   8
  10
  13
  15
  17
  19
  21
  23
  26
  28
  30
  32
  34
  37
  39
  41
  43
  45
  47
  50
  52
  54
  56
  58
  60
  63
  65
  67
  69
  71
  74
  76
  78
  80
  82
  84
  87
  89
  91
  93
  95
  97
 100
 102
 104
 106
 108
 111
 113
 115
 117
 119
 121
 124
 126
 128
 130
 132
 134
 137
 139
 141
 143
 145
 148
 150
 152
 154
 156
 158
 161
 163
 165
 167
 169
 172
 172
 172
 172
 172
 172
 172
 172
 172
 172
 172
 172
 172
 172
 172
 172
 172
 172
 172
 172
 172
 172
 172
 172
 172
 172
 172
 172
 172
 172
 172
 172
 172
 172
 172
 172
 172
 172
 172
 172
 172
 172
 172
 172
 172
 172
 172
 172
 172
 172
 172
 172
 172
 172
 172
 172
 172
 172
 172
 172
 172
 172
 172
 172
 172
 172
 172
 172
 172
 172
 172
 172
 172
 172
 172
 172
 172
 172
 172
 172
 172
 172
 172
 172
 172
 172
 172
 172
 172
 172
 172
 172
 172
 172
 172
 172
 172
