   255
   0
   0
   0
   0
   0
   0
   0
   0
   0
   0
   0
   0
   0
   0
   0
   0
   0
   0
   0
   0
   0
   0
   0
   0
   0
   0
   0
   0
   0
   0
   0
   0
   0
   0
   0
   0
   0
   0
   0
   0
   0
   0
   0
   0
   0
   0
   0
   0
   0
   0
   0
   0
   0
   0
   0
   0
   0
   0
   0
   0
   0
   0
   0
   0
   0
   0
   0
   0
  12
  25
  38
  51
  63
  76
  89
 102
 114
 127
 140
 153
 154
 155
 156
 158
 159
 160
 162
 163
 164
 165
 167
 168
 169
 171
 172
 173
 174
 176
 177
 178
 180
 181
 182
 183
 185
 186
 187
 189
 190
 191
 193
 194
 195
 196
 198
 199
 200
 202
 203
 204
 205
 207
 208
 209
 211
 212
 213
 214
 216
 217
 218
 220
 221
 222
 224
 225
 226
 227
 229
 230
 231
 233
 234
 235
 236
 238
 239
 240
 242
 243
 244
 245
 247
 248
 249
 251
 252
 253
 255
 255
 255
 255
 255
 255
 255
 255
 255
 255
 255
 255
 255
 255
 255
 255
 255
 255
 255
 255
 255
 255
 255
 255
 255
 255
 255
 255
 255
 255
 255
 255
 255
 255
 255
 255
 255
 255
 255
 255
 255
 255
 255
 255
 255
 255
 255
 255
 255
 255
 255
 255
 255
 255
 255
 255
 255
 255
 255
 255
 255
 255
 255
 255
 255
 255
 255
 255
 255
 255
 255
 255
 255
 255
 255
 255
 255
 255
 255
 255
 255
 255
 255
 255
 255
 255
 255
 255
 255
 255
 255
 255
 255
 255
 255
 255
 255
