   255
   0
   0
   0
   0
   0
   0
   0
   0
   0
   0
   0
   0
   0
   0
   0
   0
   0
   0
   0
   0
   0
   0
   0
   0
   0
   0
   0
   0
   0
   0
   0
   0
   0
   0
   0
   0
   0
   0
   0
   0
   0
   0
   0
   0
   0
   0
   0
   0
  12
  25
  38
  51
  63
  76
  89
 102
 114
 127
 140
 153
 165
 178
 191
 204
 216
 229
 242
 255
 255
 255
 255
 255
 255
 255
 255
 255
 255
 255
 255
 255
 255
 255
 255
 255
 255
 255
 255
 255
 255
 255
 255
 255
 255
 255
 255
 255
 255
 255
 255
 255
 255
 255
 255
 255
 255
 255
 255
 255
 255
 255
 255
 255
 255
 255
 255
 255
 255
 255
 255
 255
 255
 255
 255
 255
 255
 255
 255
 255
 255
 255
 255
 255
 255
 255
 255
 255
 255
 255
 255
 255
 255
 255
 255
 255
 255
 255
 255
 255
 255
 255
 255
 255
 255
 255
 255
 255
 255
 255
 255
 255
 255
 255
 255
 255
 255
 255
 255
 255
 255
 255
 255
 255
 255
 255
 255
 255
 255
 255
 255
 255
 255
 255
 255
 255
 255
 255
 255
 255
 255
 255
 255
 255
 255
 255
 255
 255
 255
 255
 255
 255
 255
 255
 255
 255
 255
 255
 255
 255
 255
 255
 255
 255
 255
 255
 255
 255
 255
 255
 255
 255
 255
 255
 255
 255
 255
 255
 255
 255
 255
 255
 255
 255
 255
 255
 255
 255
 255
 255
 255
 255
 255
 255
 255
 255
 255
 255
 255
 255
 255
 255
 255
 255
 255
 255
 255
